7.15017e-07	8
8.23021e-07	32
8.7285e-07	72
9.55105e-07	128
9.65118e-07	200
9.26018e-07	288
9.81092e-07	392
1.06192e-06	512
1.17087e-06	648
1.21093e-06	800
1.19209e-06	968
1.26481e-06	1152
1.34492e-06	1352
1.41811e-06	1568
1.441e-06	1800
1.54185e-06	2048
1.67084e-06	2312
1.78981e-06	2592
1.85394e-06	2888
2.0628e-06	3200
2.11382e-06	3528
2.22778e-06	3872
2.44784e-06	4232
2.51102e-06	4608
2.738e-06	5000
3.00598e-06	5408
3.08609e-06	5832
3.18503e-06	6272
3.44992e-06	6728
3.52883e-06	7200
3.78895e-06	7688
3.95393e-06	8192
4.08888e-06	8712
4.38595e-06	9248
4.64916e-06	9800
4.79698e-06	10368
5.08189e-06	10952
5.28097e-06	11552
5.43404e-06	12168
5.84388e-06	12800
6.03414e-06	13448
6.37698e-06	14112
6.70195e-06	14792
6.99997e-06	15488
7.39694e-06	16200
7.7908e-06	16928
8.25882e-06	17672
8.5299e-06	18432
8.78382e-06	19208
9.21702e-06	20000
9.59921e-06	20808
9.72199e-06	21632
1.00379e-05	22472
1.01659e-05	23328
1.0716e-05	24200
1.08931e-05	25088
1.12748e-05	25992
1.12789e-05	26912
1.1852e-05	27848
1.21541e-05	28800
1.25241e-05	29768
1.26572e-05	30752
1.32079e-05	31752
1.34079e-05	32768
1.3819e-05	33800
1.39582e-05	34848
1.4612e-05	35912
1.48611e-05	36992
1.5856e-05	38088
1.61462e-05	39200
1.6274e-05	40328
1.6417e-05	41472
1.67449e-05	42632
1.7132e-05	43808
1.76289e-05	45000
1.8002e-05	46208
1.84782e-05	47432
1.8765e-05	48672
1.9305e-05	49928
1.98359e-05	51200
2.0153e-05	52488
2.05541e-05	53792
2.11861e-05	55112
2.16091e-05	56448
2.2007e-05	57800
2.25148e-05	59168
2.29201e-05	60552
2.3478e-05	61952
2.3921e-05	63368
2.437e-05	64800
2.56059e-05	66248
2.56262e-05	67712
2.63069e-05	69192
2.6521e-05	70688
2.70269e-05	72200
2.74799e-05	73728
2.79369e-05	75272
2.82891e-05	76832
2.89178e-05	78408
2.92971e-05	80000
2.98829e-05	81608
3.04661e-05	83232
3.08881e-05	84872
3.13199e-05	86528
3.18551e-05	88200
3.23689e-05	89888
3.28228e-05	91592
3.3381e-05	93312
3.37939e-05	95048
3.4246e-05	96800
3.49751e-05	98568
3.53372e-05	100352
3.6124e-05	102152
3.6454e-05	103968
3.70719e-05	105800
3.77879e-05	107648
3.8219e-05	109512
3.8861e-05	111392
3.8373e-05	113288
3.90911e-05	115200
3.9562e-05	117128
4.03459e-05	119072
4.0853e-05	121032
4.14028e-05	123008
4.23951e-05	125000
4.2789e-05	127008
4.3323e-05	129032
4.42319e-05	131072
4.4775e-05	133128
4.53489e-05	135200
4.59349e-05	137288
4.6948e-05	139392
4.7339e-05	141512
4.7924e-05	143648
4.84562e-05	145800
4.94061e-05	147968
4.9845e-05	150152
5.073e-05	152352
5.10399e-05	154568
5.16958e-05	156800
5.2341e-05	159048
5.31101e-05	161312
5.357e-05	163592
5.4446e-05	165888
5.51779e-05	168200
5.5438e-05	170528
5.63788e-05	172872
5.72128e-05	175232
5.78501e-05	177608
5.82979e-05	180000
5.93181e-05	182408
6.00622e-05	184832
6.0776e-05	187272
6.143e-05	189728
6.1739e-05	192200
6.28572e-05	194688
6.3664e-05	197192
6.43661e-05	199712
6.4992e-05	202248
6.57039e-05	204800
6.63691e-05	207368
6.71811e-05	209952
6.78458e-05	212552
6.88701e-05	215168
6.96518e-05	217800
7.0188e-05	220448
7.12929e-05	223112
7.20711e-05	225792
7.28199e-05	228488
7.4558e-05	231200
7.5001e-05	233928
7.55432e-05	236672
7.6061e-05	239432
7.72009e-05	242208
7.79219e-05	245000
7.84762e-05	247808
7.95641e-05	250632
7.99861e-05	253472
8.11269e-05	256328
8.19659e-05	259200
8.27441e-05	262088
8.4301e-05	264992
8.5434e-05	267912
8.6149e-05	270848
8.71961e-05	273800
8.7853e-05	276768
8.92489e-05	279752
8.9638e-05	282752
9.03299e-05	285768
9.10361e-05	288800
9.236e-05	291848
9.35321e-05	294912
9.38911e-05	297992
9.5474e-05	301088
9.582e-05	304200
9.68318e-05	307328
9.7713e-05	310472
9.84988e-05	313632
9.94041e-05	316808
0.000100181	320000
0.000100267	323208
0.000102571	326432
0.000102953	329672
0.000104201	332928
0.000105527	336200
0.000106491	339488
0.000108371	342792
0.00010896	346112
0.000110276	349448
0.000110417	352800
0.000111154	356168
0.000111393	359552
0.000111947	362952
0.000113964	366368
0.000115157	369800
0.000115992	373248
0.000116478	376712
0.00011766	380192
0.000118593	383688
0.00011968	387200
0.000121315	390728
0.000122125	394272
0.000123069	397832
0.000123923	401408
0.000124874	405000
0.000126191	408608
0.000125687	412232
0.000128212	415872
0.000128936	419528
0.000130301	423200
0.000131404	426888
0.000132354	430592
0.000133324	434312
0.000133859	438048
0.00013552	441800
0.000135709	445568
0.000135796	449352
0.00013682	453152
0.000137926	456968
0.000138979	460800
0.00014009	464648
0.000141213	468512
0.000142947	472392
0.000144194	476288
0.000146519	480200
0.000148059	484128
0.000150008	488072
0.00015124	492032
0.000151703	496008
0.000151353	500000
0.000152592	504008
0.000154478	508032
0.000155094	512072
0.000156224	516128
0.000157802	520200
0.000157974	524288
0.000157505	528392
0.000160303	532512
0.000161619	536648
0.000163162	540800
0.000163455	544968
0.000165644	549152
0.000164543	553352
0.000165662	557568
0.000166924	561800
0.000168091	566048
0.000170511	570312
0.000172776	574592
0.000171852	578888
0.000175414	583200
0.000176072	587528
0.000177025	591872
0.000177976	596232
0.000179637	600608
0.000183623	605000
0.000181708	609408
0.000182006	613832
0.000182521	618272
0.000184216	622728
0.000185881	627200
0.0001876	631688
0.000189119	636192
0.000189853	640712
0.000191918	645248
0.000193224	649800
0.000193862	654368
0.000196052	658952
0.000197625	663552
0.00019843	668168
0.000198783	672800
0.000200351	677448
0.000200111	682112
0.000201356	686792
0.000202757	691488
0.000204432	696200
0.000206541	700928
0.000208099	705672
0.0002087	710432
0.00021076	715208
0.000212471	720000
0.000212836	724808
0.000214761	729632
0.000215271	734472
0.000216804	739328
0.000218684	744200
0.000219816	749088
0.000221129	753992
0.00022234	758912
0.00022284	763848
0.000224987	768800
0.00022648	773768
0.000228505	778752
0.000230153	783752
0.000229905	788768
0.000233204	793800
0.000234744	798848
0.000235526	803912
0.000236552	808992
0.000237833	814088
0.000240421	819200
0.000242444	824328
0.000243598	829472
0.000246085	834632
0.000248019	839808
0.000249159	845000
0.00024831	850208
0.000250223	855432
0.00025042	860672
0.00025088	865928
0.000252392	871200
0.000256865	876488
0.0002564	881792
0.000258701	887112
0.00025979	892448
0.000261228	897800
0.00026341	903168
0.000264881	908552
0.000266727	913952
0.000266863	919368
0.000267313	924800
0.000269388	930248
0.000271602	935712
0.000272949	941192
0.000274066	946688
0.000275965	952200
0.000277256	957728
0.000279274	963272
0.000279811	968832
0.000282178	974408
0.000285655	980000
0.000286032	985608
0.000285847	991232
0.000287401	996872
0.000288752	1002528
0.000290513	1008200
0.000292973	1013888
0.00029436	1019592
0.000296962	1025312
0.000297644	1031048
0.000298614	1036800
0.000301463	1042568
0.000304742	1048352
0.000305313	1054152
0.000306504	1059968
0.000307704	1065800
0.000308347	1071648
0.000309707	1077512
0.000313378	1083392
0.000316414	1089288
0.000317805	1095200
0.000319861	1101128
0.000321707	1107072
0.000324789	1113032
0.000326692	1119008
0.00032681	1125000
0.000327556	1131008
0.000329696	1137032
0.000330132	1143072
0.0003319	1149128
0.000333578	1155200
0.000334861	1161288
0.000334566	1167392
0.000337338	1173512
0.000339276	1179648
0.000340864	1185800
0.000342516	1191968
0.000344301	1198152
0.000346925	1204352
0.000348979	1210568
0.000354003	1216800
0.00035293	1223048
0.000354959	1229312
0.000356956	1235592
0.000358712	1241888
0.000359523	1248200
0.000361514	1254528
0.00036367	1260872
0.000364471	1267232
0.000365017	1273608
0.000367703	1280000
0.000369722	1286408
0.000371472	1292832
0.000373845	1299272
0.000375724	1305728
0.000376717	1312200
0.000377969	1318688
0.000380963	1325192
0.000381941	1331712
0.000383423	1338248
0.000385197	1344800
0.000387252	1351368
0.000390338	1357952
0.00039335	1364552
0.000395258	1371168
0.000395147	1377800
0.000399249	1384448
0.000400425	1391112
0.000401073	1397792
0.000400632	1404488
0.000402259	1411200
0.0004053	1417928
0.000409143	1424672
0.000408621	1431432
0.000411173	1438208
0.000413578	1445000
0.000415351	1451808
0.000416891	1458632
0.000418064	1465472
0.000420986	1472328
0.000422223	1479200
0.000424136	1486088
0.000428404	1492992
0.000428657	1499912
0.000429153	1506848
0.000431755	1513800
0.000433451	1520768
0.000436476	1527752
0.000437569	1534752
0.00043958	1541768
0.000442501	1548800
0.000444595	1555848
0.000445604	1562912
0.000447416	1569992
0.000449515	1577088
0.000451104	1584200
0.000454746	1591328
0.000457246	1598472
0.0004611	1605632
0.000461575	1612808
0.000462038	1620000
0.000463704	1627208
0.000467337	1634432
0.000470124	1641672
0.000470815	1648928
0.000472314	1656200
0.000474613	1663488
0.000475583	1670792
0.000480248	1678112
0.000480408	1685448
0.000483202	1692800
0.000485934	1700168
0.000489638	1707552
0.000489447	1714952
0.000491283	1722368
0.00049399	1729800
0.000499043	1737248
0.000498758	1744712
0.000500692	1752192
0.000501348	1759688
0.000501014	1767200
0.00050288	1774728
0.000506812	1782272
0.000508894	1789832
0.000510477	1797408
0.000512119	1805000
0.000515264	1812608
0.00051765	1820232
0.000519273	1827872
0.000522146	1835528
0.000526347	1843200
0.000526603	1850888
0.000529377	1858592
0.000530107	1866312
0.000532518	1874048
0.000534001	1881800
0.000539503	1889568
0.000539368	1897352
0.000543217	1905152
0.000545328	1912968
0.000545928	1920800
0.000547229	1928648
0.000549598	1936512
0.000552437	1944392
0.000555064	1952288
0.000556419	1960200
0.000558325	1968128
0.00055991	1976072
0.000567225	1984032
0.000571644	1992008
0.000567297	2000000
0.000571788	2008008
0.000571742	2016032
0.000571802	2024072
0.000576418	2032128
0.000579269	2040200
0.000580662	2048288
0.000583147	2056392
0.000586043	2064512
0.000587354	2072648
0.000590076	2080800
0.000593082	2088968
0.000604003	2097152
0.000599532	2105352
0.000600521	2113568
0.000601084	2121800
0.000602941	2130048
0.000608687	2138312
0.000609248	2146592
0.000613593	2154888
0.00061439	2163200
0.000616085	2171528
0.000619882	2179872
0.000621255	2188232
0.000623745	2196608
0.000625727	2205000
0.000625554	2213408
0.000630974	2221832
0.000632549	2230272
0.000635359	2238728
0.000635802	2247200
0.000642716	2255688
0.000642603	2264192
0.000649077	2272712
0.000646928	2281248
0.000650724	2289800
0.000652791	2298368
0.000654479	2306952
0.000654978	2315552
0.000656916	2324168
0.000662531	2332800
0.000666692	2341448
0.00066709	2350112
0.000667374	2358792
0.000668043	2367488
0.000671205	2376200
0.000674129	2384928
0.000676455	2393672
0.000679173	2402432
0.000681983	2411208
0.000684208	2420000
0.000686689	2428808
0.000690136	2437632
0.000691146	2446472
0.000693767	2455328
0.000696639	2464200
0.00069912	2473088
0.000701183	2481992
0.000705808	2490912
0.000706702	2499848
0.000708452	2508800
0.000713337	2517768
0.000717492	2526752
0.000715658	2535752
0.000719808	2544768
0.000723176	2553800
0.000726607	2562848
0.000727687	2571912
0.000729902	2580992
0.000733231	2590088
0.00073572	2599200
0.00073855	2608328
0.000742096	2617472
0.000745673	2626632
0.000750835	2635808
0.000750037	2645000
0.000752164	2654208
0.000751419	2663432
0.000754779	2672672
0.000759616	2681928
0.000760887	2691200
0.000763381	2700488
0.00076581	2709792
0.000769068	2719112
0.00077141	2728448
0.000775134	2737800
0.000778307	2747168
0.000779122	2756552
0.000783224	2765952
0.000787706	2775368
0.000793964	2784800
0.000797438	2794248
0.000798539	2803712
0.000800431	2813192
0.000800484	2822688
0.000802332	2832200
0.000806014	2841728
0.000809688	2851272
0.000812164	2860832
0.000815078	2870408
0.000818251	2880000
0.000822966	2889608
0.00082306	2899232
0.00082518	2908872
0.000827879	2918528
0.000831861	2928200
0.000833869	2937888
0.000837631	2947592
0.000840889	2957312
0.000843306	2967048
0.000846468	2976800
0.000849685	2986568
0.00085627	2996352
0.000860067	3006152
0.000858054	3015968
0.000863214	3025800
0.000869482	3035648
0.000869219	3045512
0.000873	3055392
0.000874776	3065288
0.000876402	3075200
0.000880409	3085128
0.000882127	3095072
0.000885628	3105032
0.000889162	3115008
0.000890021	3125000
0.000894176	3135008
0.000900557	3145032
0.000900928	3155072
0.000903083	3165128
0.000906526	3175200
0.000910959	3185288
0.000914123	3195392
0.000916992	3205512
0.000922489	3215648
0.000925748	3225800
0.000925607	3235968
0.000929493	3246152
0.000934136	3256352
0.000935709	3266568
0.000941095	3276800
0.000941992	3287048
0.000944671	3297312
0.000949523	3307592
0.000955739	3317888
0.000961499	3328200
0.000972644	3338528
0.000971928	3348872
0.00097739	3359232
0.000980214	3369608
0.00098295	3380000
0.000996403	3390408
0.000999636	3400832
0.00100062	3411272
0.00100064	3421728
0.00100064	3432200
0.00100438	3442688
0.00100906	3453192
0.0010128	3463712
0.00102159	3474248
0.00109324	3484800
0.00109722	3495368
0.00109989	3505952
0.0011035	3516552
0.00110889	3527168
0.00111247	3537800
0.00111288	3548448
0.00111677	3559112
0.00112	3569792
0.00112377	3580488
0.00112694	3591200
0.00113044	3601928
0.00113534	3612672
0.00114122	3623432
0.00114578	3634208
0.00114489	3645000
0.0011478	3655808
0.00115048	3666632
0.00115346	3677472
0.00115691	3688328
0.00116068	3699200
0.00116397	3710088
0.00116747	3720992
0.00117067	3731912
0.00117409	3742848
0.0011806	3753800
0.00118373	3764768
0.00118683	3775752
0.00119032	3786752
0.00119707	3797768
0.00120036	3808800
0.00120299	3819848
0.00120244	3830912
0.00120644	3841992
0.00121109	3853088
0.00121527	3864200
0.00122006	3875328
0.00122167	3886472
0.00122531	3897632
0.00123614	3908808
0.0012352	3920000
0.00123809	3931208
0.00123998	3942432
0.00124443	3953672
0.00125026	3964928
0.00125123	3976200
0.00125693	3987488
0.00125978	3998792
0.00126424	4010112
0.00126444	4021448
0.00127113	4032800
0.00127419	4044168
0.00127788	4055552
0.00128078	4066952
0.00128575	4078368
0.0012891	4089800
0.00129092	4101248
0.00129519	4112712
0.00129902	4124192
0.00130295	4135688
0.00130568	4147200
0.00131177	4158728
0.00132064	4170272
0.00132737	4181832
0.00133346	4193408
0.00133846	4205000
0.00133376	4216608
0.00133466	4228232
0.00133927	4239872
0.00134765	4251528
0.00134782	4263200
0.00135224	4274888
0.00135868	4286592
0.00136129	4298312
0.00136543	4310048
0.00136913	4321800
0.00137806	4333568
0.00137607	4345352
0.00138299	4357152
0.00138497	4368968
0.00139	4380800
0.00139569	4392648
0.00139976	4404512
0.00140733	4416392
0.00141303	4428288
0.0014198	4440200
0.00141774	4452128
0.00141984	4464072
0.00142535	4476032
0.00142946	4488008
0.0014377	4500000
0.00143833	4512008
0.00144106	4524032
0.00144463	4536072
0.00145217	4548128
0.00145378	4560200
0.00146522	4572288
0.00148097	4584392
0.00148027	4596512
0.00148854	4608648
0.0014929	4620800
0.00149631	4632968
0.00150083	4645152
0.00150492	4657352
0.00151626	4669568
0.00152544	4681800
0.0015214	4694048
0.00152697	4706312
0.00153055	4718592
0.00153485	4730888
0.00154108	4743200
0.00154825	4755528
0.0015472	4767872
0.00155275	4780232
0.00155493	4792608
0.00156567	4805000
0.00157224	4817408
0.00159021	4829832
0.00158738	4842272
0.00159162	4854728
0.00160038	4867200
0.00168529	4879688
0.00164783	4892192
0.00162097	4904712
0.00163426	4917248
0.00162351	4929800
0.00163168	4942368
0.00163633	4954952
0.00163328	4967552
0.00163924	4980168
0.0016443	4992800
0.00187757	5005448
0.00173484	5018112
0.00168952	5030792
0.00168581	5043488
0.00170129	5056200
0.00170045	5068928
0.00170969	5081672
0.00171738	5094432
0.00171991	5107208
0.00172107	5120000
0.00173757	5132808
0.00174868	5145632
0.00174029	5158472
0.00174527	5171328
0.00174945	5184200
0.00175726	5197088
0.00175847	5209992
0.00176098	5222912
0.00177321	5235848
0.00177831	5248800
0.00178848	5261768
0.00179479	5274752
0.00180057	5287752
0.00180119	5300768
0.00180565	5313800
0.00181085	5326848
0.00181625	5339912
0.00182821	5352992
0.00183377	5366088
0.00183177	5379200
0.0018337	5392328
0.00183748	5405472
0.00184591	5418632
0.00185463	5431808
0.0018646	5445000
0.00188022	5458208
0.00188369	5471432
0.00189486	5484672
0.00190755	5497928
0.00191324	5511200
0.00191812	5524488
0.00192568	5537792
0.00193152	5551112
0.0019559	5564448
0.00196024	5577800
0.00196353	5591168
0.00199218	5604552
0.00199849	5617952
0.00199774	5631368
0.00200113	5644800
0.00200513	5658248
0.0020065	5671712
0.00201784	5685192
0.00203037	5698688
0.00204218	5712200
0.00204586	5725728
0.00205811	5739272
0.0020693	5752832
0.00208578	5766408
0.00209139	5780000
0.00210591	5793608
0.00211251	5807232
0.00212208	5820872
0.00212397	5834528
0.0021402	5848200
0.00215203	5861888
0.00217026	5875592
0.00218375	5889312
0.00220451	5903048
0.00221173	5916800
0.00222413	5930568
0.00223684	5944352
0.0022676	5958152
0.00226894	5971968
0.00227272	5985800
0.00228769	5999648
0.00230085	6013512
0.00231071	6027392
0.0023233	6041288
0.0023307	6055200
0.00233838	6069128
0.00235811	6083072
0.00236034	6097032
0.00236534	6111008
0.00237737	6125000
0.00240096	6139008
0.00240476	6153032
0.00241654	6167072
0.00242619	6181128
0.00243528	6195200
0.00244571	6209288
0.00246158	6223392
0.00247785	6237512
0.00249536	6251648
0.00250252	6265800
0.00252649	6279968
0.00255036	6294152
0.00258642	6308352
0.00258998	6322568
0.00261627	6336800
0.00262355	6351048
0.00264398	6365312
0.00267191	6379592
0.00266793	6393888
0.00267978	6408200
0.00269315	6422528
0.00270535	6436872
0.00272054	6451232
0.0027455	6465608
0.00278865	6480000
0.00275581	6494408
0.00277607	6508832
0.0027799	6523272
0.00278917	6537728
0.00279661	6552200
0.00280734	6566688
0.00281664	6581192
0.00282795	6595712
0.00284613	6610248
0.00288041	6624800
0.00287694	6639368
0.00288125	6653952
0.00289373	6668552
0.00290226	6683168
0.00292014	6697800
0.00293061	6712448
0.00294833	6727112
0.00295667	6741792
0.00296809	6756488
0.00300348	6771200
0.00300405	6785928
0.00300614	6800672
0.00304417	6815432
0.00303087	6830208
0.00305165	6845000
0.00306286	6859808
0.00307348	6874632
0.00308712	6889472
0.00309449	6904328
0.00311966	6919200
0.00312385	6934088
0.00316137	6948992
0.0031736	6963912
0.00319367	6978848
0.00320219	6993800
0.00321653	7008768
0.00322946	7023752
0.00324009	7038752
0.00326387	7053768
0.00328076	7068800
0.00328224	7083848
0.00329747	7098912
0.00331277	7113992
0.00331874	7129088
0.0033405	7144200
0.00334313	7159328
0.00335124	7174472
0.00336813	7189632
0.0033881	7204808
0.00339606	7220000
0.00340088	7235208
0.00342458	7250432
0.00342764	7265672
0.00343655	7280928
0.00345153	7296200
0.00347078	7311488
0.00349804	7326792
0.00349843	7342112
0.00351006	7357448
0.00351165	7372800
0.00353532	7388168
0.00354769	7403552
0.00356308	7418952
0.00357211	7434368
0.00359292	7449800
0.00362507	7465248
0.00361882	7480712
0.0036333	7496192
0.00364811	7511688
0.00365851	7527200
0.0036719	7542728
0.00368015	7558272
0.00370102	7573832
0.00372484	7589408
0.00372262	7605000
0.00373492	7620608
0.00375414	7636232
0.00375407	7651872
0.00377049	7667528
0.00377903	7683200
0.00380288	7698888
0.00382456	7714592
0.00382059	7730312
0.00382885	7746048
0.00384769	7761800
0.00385689	7777568
